,A,A,V,T,G,F,L,G,G,L,T,T,F,S,T,F,S,A,E,T,V
A,0.00095814257,0.03475712,0.05266383,0.07344543,0.11350994,0.77603227,0.026803216,0.0012080111,0.00570837,0.09253875,0.004227621,0.0021144412,0.01577472,0.002192075,0.0014781858,0.0012226118,0.00093993987,0.0011324023,0.00036764194,0.00068430306,0.00068498723
A,0.03475712,0.0020633307,0.013566929,0.01128768,0.020850904,0.109785005,0.04395772,0.004645279,0.005520551,0.033948727,0.008212843,0.00050178927,0.0023035223,0.003274456,0.0010211344,0.00045591439,0.0016863227,0.0022243434,0.0004673793,0.0005488908,0.0011508502
V,0.05266381,0.013566922,0.0007950572,0.04922488,0.011340096,0.020648347,0.014043614,0.0511761,0.011088655,0.0039636837,0.0060686306,0.0010907192,0.0022466658,0.002503975,0.0027954571,0.00050660165,0.0004208144,0.0027503988,0.0006463936,0.0007127523,0.0017337343
T,0.07344543,0.01128768,0.04922488,0.00055876083,0.15670921,0.016829442,0.04220579,0.30727476,0.52955514,0.085404694,0.0071572224,0.026127333,0.020772588,0.0038285553,0.0017207962,0.003067739,0.0013769495,0.0003448889,0.0024622877,0.001026572,0.0011371596
G,0.11350994,0.020850904,0.011340096,0.15670921,0.23489642,0.048923485,0.43968883,0.4129733,0.9941028,0.0061061364,0.15160121,0.026977735,0.002186269,0.03883367,0.007890331,0.0045825564,0.006036454,0.0003690374,0.0026046913,0.0027140405,0.0016015917
F,0.77603227,0.109785005,0.020648347,0.016829442,0.048923478,0.0015098794,0.06263045,0.018083014,0.055424355,0.08242224,0.06652039,0.010124102,0.011992516,0.01736091,0.002321185,0.003174179,0.00093459524,0.00041714797,0.0011087133,0.0008949324,0.00043008616
L,0.026803216,0.043957733,0.014043614,0.04220579,0.43968883,0.06263045,0.0003584773,0.0493703,0.29666162,0.054410666,0.5650476,0.012963728,0.012859256,0.01959526,0.005263273,0.0014347375,0.0071396753,0.0020198105,0.000117189906,0.001404552,0.005013739
G,0.0012080111,0.004645279,0.051176116,0.30727488,0.4129733,0.018083017,0.049370307,0.0033563406,0.7074394,0.0222614,0.3851313,0.38245356,0.007230148,0.038188536,0.022301942,0.0034785895,0.007918334,0.006722804,0.0074578086,0.0017437947,0.002841638
G,0.00570837,0.0055205533,0.011088655,0.52955514,0.9941028,0.05542436,0.2966617,0.7074394,0.0031603726,0.0069573945,0.09437389,0.12047776,0.022216965,0.6937101,0.1113356,0.030377254,0.044726107,0.001964253,0.005381294,0.0010461659,0.00047209064
L,0.09253875,0.033948727,0.0039636837,0.08540468,0.0061061364,0.08242224,0.054410655,0.0222614,0.0069573945,0.00049743673,0.63508075,0.046322394,0.039639775,0.4977443,0.028571911,0.0066944617,0.008640133,0.0065087294,0.00082342647,0.002273069,0.0032990996
T,0.004227621,0.008212843,0.0060686306,0.007157226,0.15160121,0.0665204,0.5650475,0.3851313,0.09437391,0.63508075,0.00063562026,0.2128634,0.2914728,0.016343877,0.03344548,0.029998934,0.021079449,0.12645006,0.010420825,0.002208376,0.4067025
T,0.0021144412,0.00050178927,0.0010907192,0.026127333,0.026977735,0.010124102,0.012963728,0.3824535,0.12047779,0.046322383,0.2128634,0.004257549,0.08598638,0.07592643,0.60444826,0.17055683,0.018707262,0.11585849,0.09590877,0.002507075,0.004375526
F,0.01577472,0.0023035223,0.0022466658,0.020772593,0.002186269,0.011992516,0.0128592495,0.007230148,0.022216968,0.039639775,0.2914728,0.08598638,0.00010609306,0.1617664,0.3492004,0.9579183,0.2623176,0.015416626,0.009516326,0.003416214,0.0024454286
S,0.002192075,0.003274456,0.002503975,0.0038285553,0.03883367,0.01736091,0.01959526,0.038188554,0.6937101,0.4977443,0.016343877,0.07592643,0.1617664,0.0011784515,0.41153494,0.20863809,0.53105706,0.10645818,0.012987606,0.014253748,0.023936946
T,0.0014781858,0.0010211344,0.0027954571,0.0017207962,0.007890331,0.002321185,0.005263271,0.022301942,0.1113356,0.028571917,0.03344548,0.60444826,0.3492004,0.41153494,0.0018393261,0.11061647,0.017540937,0.8962684,0.46698055,0.0033958682,0.007295104
F,0.0012226118,0.00045591439,0.0005066014,0.003067739,0.004582554,0.003174179,0.0014347367,0.0034785876,0.030377254,0.0066944617,0.02999893,0.17055683,0.9579183,0.20863809,0.110616446,0.0007405649,0.089238636,0.017356567,0.034375902,0.031901415,0.0072504077
S,0.00093994034,0.0016863219,0.0004208144,0.0013769489,0.006036454,0.00093459524,0.0071396753,0.007918337,0.0447261,0.008640133,0.021079453,0.018707262,0.2623176,0.53105694,0.017540945,0.08923866,0.0005342736,0.0060602413,0.015242759,0.27363497,0.069779575
A,0.0011324023,0.0022243434,0.0027503988,0.00034488871,0.0003690372,0.00041714797,0.0020198096,0.0067228014,0.001964253,0.0065087294,0.12645006,0.11585849,0.015416626,0.10645818,0.8962684,0.017356567,0.0060602413,0.0014709557,0.16824433,0.0043598474,0.22064535
E,0.00036764177,0.0004673793,0.0006463936,0.0024622877,0.0026046913,0.0011087133,0.0001171898,0.0074578086,0.005381294,0.00082342647,0.010420825,0.095908746,0.009516326,0.012987606,0.46698055,0.034375902,0.015242759,0.16824433,0.00065695675,0.007980124,0.010542925
T,0.00068430306,0.0005488908,0.0007127523,0.0010265714,0.0027140405,0.0008949324,0.001404552,0.0017437947,0.0010461659,0.002273069,0.0022083751,0.002507075,0.003416214,0.014253748,0.0033958682,0.03190143,0.27363485,0.0043598474,0.007980124,0.0015840599,0.014579878
V,0.00068498723,0.0011508502,0.0017337343,0.0011371596,0.0016015925,0.00043008616,0.005013739,0.002841638,0.00047209064,0.0032990996,0.4067025,0.004375526,0.0024454286,0.023936946,0.007295104,0.0072504077,0.069779575,0.2206454,0.010542925,0.014579885,0.001974742
